1100010000000000000000000000000000000000000000000000
0000000000000000000100000000000000000000000000000000
0100000000000000000010000000000000000000000000000000
1100100000000000000000000000000000000000000000000000
0100000000000000000100000000000000000000000000000000
0000001000000000000000000000000000000000000000000000
1000001000000000000000000000000000000000000000000000
0000000001000000000000000000000000000000000000000000
0000000000000000100000000000000000000000000000000000
1000000000000000000001000000000000000000000000000000
0100000010000000000000000000000000000000000000000000
0000000000000000010000000000000000000000000000000000
1100000000010000000000000000000000000000000000000000
0000000000000010000000000000000000000000000000000000
0000000010000000000000000000000000000000000000000000
1000000000000100000000000000000000000000000000000000
0000000000100000000000000000000000000000000000000000
0100000000000000001000000000000000000000000000000000
1100000000000000001000000000000000000000000000000000
0100000000000000000010000000000000000000000000000000
0100001000000000000000000000000000000000000000000000
1000000000000000010000000000000000000000000000000000
0100000000100000000000000000000000000000000000000000
0100000000000000100000000000000000000000000000000000
1100000000001000000000000000000000000000000000000000
0000001000000000000000000000000000000000000000000000
0000000000000001000000000000000000000000000000000000
1100000000000000000100000000000000000000000000000000
0000000000010000000000000000000000000000000000000000
0100000000000010000000000000000000000000000000000000
1000100000000000000000000000000000000000000000000000
0100000000001000000000000000000000000000000000000000
0100000000000100000000000000000000000000000000000000
1000000100000000000000000000000000000000000000000000
0000000000000000001000000000000000000000000000000000
0000000001000000000000000000000000000000000000000000
1000000000000000000100000000000000000000000000000000
0100000000000001000000000000000000000000000000000000
0110000000000000000000000000000000000000000000000000
1000000000000000000010000000000000000000000000000000
0000000000000000100000000000000000000000000000000000
0100000000010000000000000000000000000000000000000000
1100000000000100000000000000000000000000000000000000
0100000000000000000100000000000000000000000000000000
0000000000000000000010000000000000000000000000000000
1000000001000000000000000000000000000000000000000000
0100010000000000000000000000000000000000000000000000
0100000010000000000000000000000000000000000000000000
1000000001000000000000000000000000000000000000000000
0000000000100000000000000000000000000000000000000000
0100010000000000000000000000000000000000000000000000
1100000010000000000000000000000000000000000000000000
0100000000000000001000000000000000000000000000000000
0000000000000000100000000000000000000000000000000000
1100000000000100000000000000000000000000000000000000
0000000010000000000000000000000000000000000000000000
0000000000000001000000000000000000000000000000000000
1000000000010000000000000000000000000000000000000000
0000000000001000000000000000000000000000000000000000
0100000001000000000000000000000000000000000000000000
1101000000000000000000000000000000000000000000000000
0000000000000000100000000000000000000000000000000000
0000000000001000000000000000000000000000000000000000
1100000000100000000000000000000000000000000000000000
0100000100000000000000000000000000000000000000000000
0110000000000000000000000000000000000000000000000000
1000000000001000000000000000000000000000000000000000
0100000000000000000001000000000000000000000000000000
0000000000000000001000000000000000000000000000000000
1100000000100000000000000000000000000000000000000000
0000000000000000100000000000000000000000000000000000
0100000000000010000000000000000000000000000000000000
1100000000000100000000000000000000000000000000000000
0000000010000000000000000000000000000000000000000000
0000000000000000001000000000000000000000000000000000
1000000000000000000100000000000000000000000000000000
0001000000000000000000000000000000000000000000000000
0100000000000000000001000000000000000000000000000000
1100000000000000000001000000000000000000000000000000
0100000000000100000000000000000000000000000000000000
0100010000000000000000000000000000000000000000000000
1100000000000000000010000000000000000000000000000000
0100000000001000000000000000000000000000000000000000
0100000000000001000000000000000000000000000000000000
1000000000000000010000000000000000000000000000000000
0100000000000000000100000000000000000000000000000000
0000010000000000000000000000000000000000000000000000
1010000000000000000000000000000000000000000000000000
0000000000000000001000000000000000000000000000000000
0000000000000000000010000000000000000000000000000000
1000000000000010000000000000000000000000000000000000
0100000000000000100000000000000000000000000000000000
0100000000010000000000000000000000000000000000000000
1000000000000100000000000000000000000000000000000000
0000000000000001000000000000000000000000000000000000
0000000000000010000000000000000000000000000000000000
1100000000000100000000000000000000000000000000000000
0000000000000001000000000000000000000000000000000000
0000000010000000000000000000000000000000000000000000
1000000010000000000000000000000000000000000000000000
0100000000000000010000000000000000000000000000000000
0100000000010000000000000000000000000000000000000000
1100000100000000000000000000000000000000000000000000
0100000000010000000000000000000000000000000000000000
0100000010000000000000000000000000000000000000000000
1100000000000000000001000000000000000000000000000000
0100000000000001000000000000000000000000000000000000
0000000000000000010000000000000000000000000000000000
1000000000000000000010000000000000000000000000000000
0100000000000000001000000000000000000000000000000000
0100000000001000000000000000000000000000000000000000
1000000010000000000000000000000000000000000000000000
0110000000000000000000000000000000000000000000000000
0000000000000000000001000000000000000000000000000000
1000001000000000000000000000000000000000000000000000
0100000000000100000000000000000000000000000000000000
0100000000000000100000000000000000000000000000000000
1000010000000000000000000000000000000000000000000000
0000000000100000000000000000000000000000000000000000
0000000000000010000000000000000000000000000000000000
1100000000000100000000000000000000000000000000000000
0000000000001000000000000000000000000000000000000000
0000000010000000000000000000000000000000000000000000
1000001000000000000000000000000000000000000000000000
0100000000000000000010000000000000000000000000000000
0000000001000000000000000000000000000000000000000000
1110000000000000000000000000000000000000000000000000
0100000000000000010000000000000000000000000000000000
0100000000000000001000000000000000000000000000000000
1100000000000000000001000000000000000000000000000000
0000000000000001000000000000000000000000000000000000
0000000000000000100000000000000000000000000000000000
1100000000000010000000000000000000000000000000000000
0000010000000000000000000000000000000000000000000000
0100000000010000000000000000000000000000000000000000
1100000000000001000000000000000000000000000000000000
0100000010000000000000000000000000000000000000000000
0100000000010000000000000000000000000000000000000000
1000001000000000000000000000000000000000000000000000
0100000000100000000000000000000000000000000000000000
0100000000000000000001000000000000000000000000000000
1100000000010000000000000000000000000000000000000000
0110000000000000000000000000000000000000000000000000
0000000000000000000010000000000000000000000000000000
1000000000000000010000000000000000000000000000000000
0000000000000000100000000000000000000000000000000000
0010000000000000000000000000000000000000000000000000
1100000000000000010000000000000000000000000000000000
0100100000000000000000000000000000000000000000000000
0000000000001000000000000000000000000000000000000000
1000000000000000100000000000000000000000000000000000
0000000000010000000000000000000000000000000000000000
0100010000000000000000000000000000000000000000000000
1100010000000000000000000000000000000000000000000000
0000000000000000100000000000000000000000000000000000
0000100000000000000000000000000000000000000000000000
1000000000010000000000000000000000000000000000000000
0000000000000000010000000000000000000000000000000000
0100000000001000000000000000000000000000000000000000
1000000001000000000000000000000000000000000000000000
0100000000000100000000000000000000000000000000000000
0000001000000000000000000000000000000000000000000000
1100000000000001000000000000000000000000000000000000
0000000100000000000000000000000000000000000000000000
0100000000000100000000000000000000000000000000000000
1110000000000000000000000000000000000000000000000000
0100000100000000000000000000000000000000000000000000
0100000000001000000000000000000000000000000000000000
1000000000000010000000000000000000000000000000000000
0000001000000000000000000000000000000000000000000000
0010000000000000000000000000000000000000000000000000
1000000010000000000000000000000000000000000000000000
0001000000000000000000000000000000000000000000000000
0100000000000100000000000000000000000000000000000000
1110000000000000000000000000000000000000000000000000
0000000000000000000001000000000000000000000000000000
0100000000000000000010000000000000000000000000000000
1001000000000000000000000000000000000000000000000000
0000000000000010000000000000000000000000000000000000
0000000001000000000000000000000000000000000000000000
1100000000000000100000000000000000000000000000000000
0100000000000000000100000000000000000000000000000000
0100010000000000000000000000000000000000000000000000
1000000000001000000000000000000000000000000000000000
0100000000000001000000000000000000000000000000000000
0100000000100000000000000000000000000000000000000000
1000000100000000000000000000000000000000000000000000
0000000000000000100000000000000000000000000000000000
0001000000000000000000000000000000000000000000000000
1100001000000000000000000000000000000000000000000000
0000000000000100000000000000000000000000000000000000
0000000000000000100000000000000000000000000000000000
1000000100000000000000000000000000000000000000000000
0100000000000000001000000000000000000000000000000000
0100001000000000000000000000000000000000000000000000
1000000000000010000000000000000000000000000000000000
0100001000000000000000000000000000000000000000000000
0000000000000000000010000000000000000000000000000000
1100000000000000000001000000000000000000000000000000
0010000000000000000000000000000000000000000000000000
0100000000000001000000000000000000000000000000000000
1100000000100000000000000000000000000000000000000000
0000000000000000001000000000000000000000000000000000
0100000000000000100000000000000000000000000000000000
1000001000000000000000000000000000000000000000000000
0100000000000000000010000000000000000000000000000000
0000000000000000000100000000000000000000000000000000
1000000000000100000000000000000000000000000000000000
0100000001000000000000000000000000000000000000000000
0000000000010000000000000000000000000000000000000000
1000000000000000000100000000000000000000000000000000
0100000000000001000000000000000000000000000000000000
0000010000000000000000000000000000000000000000000000
1100000000000000100000000000000000000000000000000000
0000000000100000000000000000000000000000000000000000
0100000000000010000000000000000000000000000000000000
1100000000100000000000000000000000000000000000000000
0000001000000000000000000000000000000000000000000000
0010000000000000000000000000000000000000000000000000
1100000000010000000000000000000000000000000000000000
0000000000000000000010000000000000000000000000000000
0000000000000001000000000000000000000000000000000000
1100000000000000000001000000000000000000000000000000
0100000000100000000000000000000000000000000000000000
0100010000000000000000000000000000000000000000000000
1000000000100000000000000000000000000000000000000000
0001000000000000000000000000000000000000000000000000
0100000000000000000010000000000000000000000000000000
1000001000000000000000000000000000000000000000000000
0100000000000010000000000000000000000000000000000000
0000000000000000001000000000000000000000000000000000
1101000000000000000000000000000000000000000000000000
0000000000010000000000000000000000000000000000000000
0000000000000000000100000000000000000000000000000000
1000000000000000000100000000000000000000000000000000
0100100000000000000000000000000000000000000000000000
0100000000001000000000000000000000000000000000000000
1100000010000000000000000000000000000000000000000000
0000000000100000000000000000000000000000000000000000
0100000000000000001000000000000000000000000000000000
1000000000000000100000000000000000000000000000000000
0000000100000000000000000000000000000000000000000000
0000100000000000000000000000000000000000000000000000
1001000000000000000000000000000000000000000000000000
0100100000000000000000000000000000000000000000000000
0000000000000010000000000000000000000000000000000000
1100000000000100000000000000000000000000000000000000
0100100000000000000000000000000000000000000000000000
0001000000000000000000000000000000000000000000000000
1001000000000000000000000000000000000000000000000000
0000100000000000000000000000000000000000000000000000
0100000000000000001000000000000000000000000000000000
1100000000000000000001000000000000000000000000000000
0000000000000000100000000000000000000000000000000000
0000000000000000010000000000000000000000000000000000
1000001000000000000000000000000000000000000000000000
0000000000000000001000000000000000000000000000000000
0000000000000000000010000000000000000000000000000000
1000000000000000000001000000000000000000000000000000
0000000000000000000100000000000000000000000000000000
0100000000001000000000000000000000000000000000000000
1000000000100000000000000000000000000000000000000000
0110000000000000000000000000000000000000000000000000
0000001000000000000000000000000000000000000000000000
1000000000000000000010000000000000000000000000000000
0100000000100000000000000000000000000000000000000000
0100000000000000001000000000000000000000000000000000
1100000000000100000000000000000000000000000000000000
0001000000000000000000000000000000000000000000000000
0100000000000000001000000000000000000000000000000000
1100010000000000000000000000000000000000000000000000
0000000000000000010000000000000000000000000000000000
0000001000000000000000000000000000000000000000000000
0000000000000000000000000000000000000000000000000000
0000000000000000000000000000000000000000000000000000
0000000000000000000000000000000000000000000000000000
0000000000000000000000000000000000000000000000000000
0000000000000000000000000000000000000000000000000000
0000000000000000000000000000000000000000000000000000
0000000000000000000000000000000000000000000000000000
0000000000000000000000000000000000000000000000000000
0000000000000000000000000000000000000000000000000000
0000000000000000000000000000000000000000000000000000
0000000000000000000000000000000000000000000000000000
0000000000000000000000000000000000000000000000000000
0000000000000000000000000000000000000000000000000000
0000000000000000000000000000000000000000000000000000
0000000000000000000000000000000000000000000000000000
0000000000000000000000000000000000000000000000000000
0000000000000000000000000000000000000000000000000000
0000000000000000000000000000000000000000000000000000
0000000000000000000000000000000000000000000000000000
0000000000000000000000000000000000000000000000000000
0000000000000000000000000000000000000000000000000000
0000000000000000000000000000000000000000000000000000
0000000000000000000000000000000000000000000000000000
0000000000000000000000000000000000000000000000000000
0000000000000000000000000000000000000000000000000000
0000000000000000000000000000000000000000000000000000
0000000000000000000000000000000000000000000000000000
0000000000000000000000000000000000000000000000000000
0000000000000000000000000000000000000000000000000000
0000000000000000000000000000000000000000000000000000
0000000000000000000000000000000000000000000000000000
0000000000000000000000000000000000000000000000000000
0000000000000000000000000000000000000000000000000000
0000000000000000000000000000000000000000000000000000
0000000000000000000000000000000000000000000000000000
0000000000000000000000000000000000000000000000000000
0000000000000000000000000000000000000000000000000000
0000000000000000000000000000000000000000000000000000
0000000000000000000000000000000000000000000000000000
0000000000000000000000000000000000000000000000000000
0000000000000000000000000000000000000000000000000000
0000000000000000000000000000000000000000000000000000
0000000000000000000000000000000000000000000000000000
0000000000000000000000000000000000000000000000000000
0000000000000000000000000000000000000000000000000000
0000000000000000000000000000000000000000000000000000
0000000000000000000000000000000000000000000000000000
0000000000000000000000000000000000000000000000000000
0000000000000000000000000000000000000000000000000000
0000000000000000000000000000000000000000000000000000
0000000000000000000000000000000000000000000000000000
0000000000000000000000000000000000000000000000000000
0000000000000000000000000000000000000000000000000000
0000000000000000000000000000000000000000000000000000
0000000000000000000000000000000000000000000000000000
0000000000000000000000000000000000000000000000000000
0000000000000000000000000000000000000000000000000000
0000000000000000000000000000000000000000000000000000
0000000000000000000000000000000000000000000000000000
0000000000000000000000000000000000000000000000000000
0000000000000000000000000000000000000000000000000000
0000000000000000000000000000000000000000000000000000
0000000000000000000000000000000000000000000000000000
0000000000000000000000000000000000000000000000000000
0000000000000000000000000000000000000000000000000000
0000000000000000000000000000000000000000000000000000
0000000000000000000000000000000000000000000000000000
0000000000000000000000000000000000000000000000000000
0000000000000000000000000000000000000000000000000000
0000000000000000000000000000000000000000000000000000
0000000000000000000000000000000000000000000000000000
0000000000000000000000000000000000000000000000000000
0000000000000000000000000000000000000000000000000000
0000000000000000000000000000000000000000000000000000
0000000000000000000000000000000000000000000000000000
0000000000000000000000000000000000000000000000000000
0000000000000000000000000000000000000000000000000000
0000000000000000000000000000000000000000000000000000
0000000000000000000000000000000000000000000000000000
0000000000000000000000000000000000000000000000000000
0000000000000000000000000000000000000000000000000000
0000000000000000000000000000000000000000000000000000
0000000000000000000000000000000000000000000000000000
0000000000000000000000000000000000000000000000000000
0000000000000000000000000000000000000000000000000000
0000000000000000000000000000000000000000000000000000
0000000000000000000000000000000000000000000000000000
0000000000000000000000000000000000000000000000000000
0000000000000000000000000000000000000000000000000000
0000000000000000000000000000000000000000000000000000
0000000000000000000000000000000000000000000000000000
0000000000000000000000000000000000000000000000000000
0000000000000000000000000000000000000000000000000000
0000000000000000000000000000000000000000000000000000
0000000000000000000000000000000000000000000000000000
0000000000000000000000000000000000000000000000000000
0000000000000000000000000000000000000000000000000000
0000000000000000000000000000000000000000000000000000
0000000000000000000000000000000000000000000000000000
0000000000000000000000000000000000000000000000000000
0000000000000000000000000000000000000000000000000000
0000000000000000000000000000000000000000000000000000
0000000000000000000000000000000000000000000000000000
0000000000000000000000000000000000000000000000000000
0000000000000000000000000000000000000000000000000000
0000000000000000000000000000000000000000000000000000
0000000000000000000000000000000000000000000000000000
0000000000000000000000000000000000000000000000000000
0000000000000000000000000000000000000000000000000000
0000000000000000000000000000000000000000000000000000
0000000000000000000000000000000000000000000000000000
0000000000000000000000000000000000000000000000000000
0000000000000000000000000000000000000000000000000000
0000000000000000000000000000000000000000000000000000
0000000000000000000000000000000000000000000000000000
0000000000000000000000000000000000000000000000000000
0000000000000000000000000000000000000000000000000000
0000000000000000000000000000000000000000000000000000
0000000000000000000000000000000000000000000000000000
0000000000000000000000000000000000000000000000000000
0000000000000000000000000000000000000000000000000000
0000000000000000000000000000000000000000000000000000
0000000000000000000000000000000000000000000000000000
0000000000000000000000000000000000000000000000000000
0000000000000000000000000000000000000000000000000000
0000000000000000000000000000000000000000000000000000
0000000000000000000000000000000000000000000000000000
0000000000000000000000000000000000000000000000000000
0000000000000000000000000000000000000000000000000000
0000000000000000000000000000000000000000000000000000
0000000000000000000000000000000000000000000000000000
0000000000000000000000000000000000000000000000000000
0000000000000000000000000000000000000000000000000000
0000000000000000000000000000000000000000000000000000
0000000000000000000000000000000000000000000000000000
0000000000000000000000000000000000000000000000000000
0000000000000000000000000000000000000000000000000000
0000000000000000000000000000000000000000000000000000
0000000000000000000000000000000000000000000000000000
0000000000000000000000000000000000000000000000000000
0000000000000000000000000000000000000000000000000000
0000000000000000000000000000000000000000000000000000
0000000000000000000000000000000000000000000000000000
0000000000000000000000000000000000000000000000000000
0000000000000000000000000000000000000000000000000000
0000000000000000000000000000000000000000000000000000
0000000000000000000000000000000000000000000000000000
0000000000000000000000000000000000000000000000000000
0000000000000000000000000000000000000000000000000000
0000000000000000000000000000000000000000000000000000
0000000000000000000000000000000000000000000000000000
0000000000000000000000000000000000000000000000000000
0000000000000000000000000000000000000000000000000000
0000000000000000000000000000000000000000000000000000
0000000000000000000000000000000000000000000000000000
0000000000000000000000000000000000000000000000000000
0000000000000000000000000000000000000000000000000000
0000000000000000000000000000000000000000000000000000
0000000000000000000000000000000000000000000000000000
0000000000000000000000000000000000000000000000000000
0000000000000000000000000000000000000000000000000000
0000000000000000000000000000000000000000000000000000
0000000000000000000000000000000000000000000000000000
0000000000000000000000000000000000000000000000000000
0000000000000000000000000000000000000000000000000000
0000000000000000000000000000000000000000000000000000
0000000000000000000000000000000000000000000000000000
0000000000000000000000000000000000000000000000000000
0000000000000000000000000000000000000000000000000000
0000000000000000000000000000000000000000000000000000
0000000000000000000000000000000000000000000000000000
0000000000000000000000000000000000000000000000000000
0000000000000000000000000000000000000000000000000000
0000000000000000000000000000000000000000000000000000
0000000000000000000000000000000000000000000000000000
0000000000000000000000000000000000000000000000000000
0000000000000000000000000000000000000000000000000000
0000000000000000000000000000000000000000000000000000
0000000000000000000000000000000000000000000000000000
0000000000000000000000000000000000000000000000000000
0000000000000000000000000000000000000000000000000000
0000000000000000000000000000000000000000000000000000
0000000000000000000000000000000000000000000000000000
0000000000000000000000000000000000000000000000000000
0000000000000000000000000000000000000000000000000000
0000000000000000000000000000000000000000000000000000
0000000000000000000000000000000000000000000000000000
0000000000000000000000000000000000000000000000000000
0000000000000000000000000000000000000000000000000000
0000000000000000000000000000000000000000000000000000
0000000000000000000000000000000000000000000000000000
0000000000000000000000000000000000000000000000000000
0000000000000000000000000000000000000000000000000000
0000000000000000000000000000000000000000000000000000
0000000000000000000000000000000000000000000000000000
0000000000000000000000000000000000000000000000000000
0000000000000000000000000000000000000000000000000000
0000000000000000000000000000000000000000000000000000
0000000000000000000000000000000000000000000000000000
0000000000000000000000000000000000000000000000000000
0000000000000000000000000000000000000000000000000000
0000000000000000000000000000000000000000000000000000
0000000000000000000000000000000000000000000000000000
0000000000000000000000000000000000000000000000000000
0000000000000000000000000000000000000000000000000000
0000000000000000000000000000000000000000000000000000
0000000000000000000000000000000000000000000000000000
0000000000000000000000000000000000000000000000000000
0000000000000000000000000000000000000000000000000000
0000000000000000000000000000000000000000000000000000
0000000000000000000000000000000000000000000000000000
0000000000000000000000000000000000000000000000000000
0000000000000000000000000000000000000000000000000000
0000000000000000000000000000000000000000000000000000
0000000000000000000000000000000000000000000000000000
0000000000000000000000000000000000000000000000000000
0000000000000000000000000000000000000000000000000000
0000000000000000000000000000000000000000000000000000
0000000000000000000000000000000000000000000000000000
0000000000000000000000000000000000000000000000000000
0000000000000000000000000000000000000000000000000000
0000000000000000000000000000000000000000000000000000
0000000000000000000000000000000000000000000000000000
0000000000000000000000000000000000000000000000000000
0000000000000000000000000000000000000000000000000000
0000000000000000000000000000000000000000000000000000
0000000000000000000000000000000000000000000000000000
0000000000000000000000000000000000000000000000000000
0000000000000000000000000000000000000000000000000000
0000000000000000000000000000000000000000000000000000
0000000000000000000000000000000000000000000000000000
0000000000000000000000000000000000000000000000000000
0000000000000000000000000000000000000000000000000000
0000000000000000000000000000000000000000000000000000
0000000000000000000000000000000000000000000000000000
0000000000000000000000000000000000000000000000000000
0000000000000000000000000000000000000000000000000000
0000000000000000000000000000000000000000000000000000
0000000000000000000000000000000000000000000000000000
0000000000000000000000000000000000000000000000000000
0000000000000000000000000000000000000000000000000000
0000000000000000000000000000000000000000000000000000
0000000000000000000000000000000000000000000000000000
0000000000000000000000000000000000000000000000000000
0000000000000000000000000000000000000000000000000000
0000000000000000000000000000000000000000000000000000
0000000000000000000000000000000000000000000000000000
0000000000000000000000000000000000000000000000000000
0000000000000000000000000000000000000000000000000000
0000000000000000000000000000000000000000000000000000
0000000000000000000000000000000000000000000000000000
0000000000000000000000000000000000000000000000000000
0000000000000000000000000000000000000000000000000000
0000000000000000000000000000000000000000000000000000
0000000000000000000000000000000000000000000000000000
0000000000000000000000000000000000000000000000000000
0000000000000000000000000000000000000000000000000000
0000000000000000000000000000000000000000000000000000
0000000000000000000000000000000000000000000000000000
0000000000000000000000000000000000000000000000000000
0000000000000000000000000000000000000000000000000000
0000000000000000000000000000000000000000000000000000
0000000000000000000000000000000000000000000000000000
0000000000000000000000000000000000000000000000000000
0000000000000000000000000000000000000000000000000000
0000000000000000000000000000000000000000000000000000
0000000000000000000000000000000000000000000000000000
0000000000000000000000000000000000000000000000000000
0000000000000000000000000000000000000000000000000000
0000000000000000000000000000000000000000000000000000
0000000000000000000000000000000000000000000000000000
0000000000000000000000000000000000000000000000000000
0000000000000000000000000000000000000000000000000000
0000000000000000000000000000000000000000000000000000
0000000000000000000000000000000000000000000000000000
0000000000000000000000000000000000000000000000000000
0000000000000000000000000000000000000000000000000000
0000000000000000000000000000000000000000000000000000
0000000000000000000000000000000000000000000000000000
0000000000000000000000000000000000000000000000000000
0000000000000000000000000000000000000000000000000000
0000000000000000000000000000000000000000000000000000
0000000000000000000000000000000000000000000000000000
0000000000000000000000000000000000000000000000000000
0000000000000000000000000000000000000000000000000000
0000000000000000000000000000000000000000000000000000
0000000000000000000000000000000000000000000000000000
0000000000000000000000000000000000000000000000000000
0000000000000000000000000000000000000000000000000000
0000000000000000000000000000000000000000000000000000
0000000000000000000000000000000000000000000000000000
0000000000000000000000000000000000000000000000000000
0000000000000000000000000000000000000000000000000000
0000000000000000000000000000000000000000000000000000
0000000000000000000000000000000000000000000000000000
0000000000000000000000000000000000000000000000000000
0000000000000000000000000000000000000000000000000000
0000000000000000000000000000000000000000000000000000
0000000000000000000000000000000000000000000000000000
0000000000000000000000000000000000000000000000000000
0000000000000000000000000000000000000000000000000000
0000000000000000000000000000000000000000000000000000
0000000000000000000000000000000000000000000000000000
0000000000000000000000000000000000000000000000000000
0000000000000000000000000000000000000000000000000000
0000000000000000000000000000000000000000000000000000
0000000000000000000000000000000000000000000000000000
0000000000000000000000000000000000000000000000000000
0000000000000000000000000000000000000000000000000000
0000000000000000000000000000000000000000000000000000
0000000000000000000000000000000000000000000000000000
0000000000000000000000000000000000000000000000000000
0000000000000000000000000000000000000000000000000000
0000000000000000000000000000000000000000000000000000
0000000000000000000000000000000000000000000000000000
0000000000000000000000000000000000000000000000000000
0000000000000000000000000000000000000000000000000000
0000000000000000000000000000000000000000000000000000
0000000000000000000000000000000000000000000000000000
0000000000000000000000000000000000000000000000000000
0000000000000000000000000000000000000000000000000000
0000000000000000000000000000000000000000000000000000
0000000000000000000000000000000000000000000000000000
0000000000000000000000000000000000000000000000000000
0000000000000000000000000000000000000000000000000000
0000000000000000000000000000000000000000000000000000
0000000000000000000000000000000000000000000000000000
0000000000000000000000000000000000000000000000000000
0000000000000000000000000000000000000000000000000000
0000000000000000000000000000000000000000000000000000
0000000000000000000000000000000000000000000000000000
0000000000000000000000000000000000000000000000000000
0000000000000000000000000000000000000000000000000000
0000000000000000000000000000000000000000000000000000
0000000000000000000000000000000000000000000000000000
0000000000000000000000000000000000000000000000000000
0000000000000000000000000000000000000000000000000000
0000000000000000000000000000000000000000000000000000
0000000000000000000000000000000000000000000000000000
0000000000000000000000000000000000000000000000000000
0000000000000000000000000000000000000000000000000000
0000000000000000000000000000000000000000000000000000
0000000000000000000000000000000000000000000000000000
0000000000000000000000000000000000000000000000000000
0000000000000000000000000000000000000000000000000000
0000000000000000000000000000000000000000000000000000
0000000000000000000000000000000000000000000000000000
0000000000000000000000000000000000000000000000000000
0000000000000000000000000000000000000000000000000000
0000000000000000000000000000000000000000000000000000
0000000000000000000000000000000000000000000000000000
0000000000000000000000000000000000000000000000000000
0000000000000000000000000000000000000000000000000000
0000000000000000000000000000000000000000000000000000
0000000000000000000000000000000000000000000000000000
0000000000000000000000000000000000000000000000000000
0000000000000000000000000000000000000000000000000000
0000000000000000000000000000000000000000000000000000
0000000000000000000000000000000000000000000000000000
0000000000000000000000000000000000000000000000000000
0000000000000000000000000000000000000000000000000000
0000000000000000000000000000000000000000000000000000
0000000000000000000000000000000000000000000000000000
0000000000000000000000000000000000000000000000000000
0000000000000000000000000000000000000000000000000000
0000000000000000000000000000000000000000000000000000
0000000000000000000000000000000000000000000000000000
0000000000000000000000000000000000000000000000000000
0000000000000000000000000000000000000000000000000000
0000000000000000000000000000000000000000000000000000
0000000000000000000000000000000000000000000000000000
0000000000000000000000000000000000000000000000000000
0000000000000000000000000000000000000000000000000000
0000000000000000000000000000000000000000000000000000
0000000000000000000000000000000000000000000000000000
0000000000000000000000000000000000000000000000000000
0000000000000000000000000000000000000000000000000000
0000000000000000000000000000000000000000000000000000
0000000000000000000000000000000000000000000000000000
0000000000000000000000000000000000000000000000000000
0000000000000000000000000000000000000000000000000000
0000000000000000000000000000000000000000000000000000
0000000000000000000000000000000000000000000000000000
0000000000000000000000000000000000000000000000000000
0000000000000000000000000000000000000000000000000000
0000000000000000000000000000000000000000000000000000
0000000000000000000000000000000000000000000000000000
0000000000000000000000000000000000000000000000000000
0000000000000000000000000000000000000000000000000000
0000000000000000000000000000000000000000000000000000
0000000000000000000000000000000000000000000000000000
0000000000000000000000000000000000000000000000000000
0000000000000000000000000000000000000000000000000000
0000000000000000000000000000000000000000000000000000
0000000000000000000000000000000000000000000000000000
0000000000000000000000000000000000000000000000000000
0000000000000000000000000000000000000000000000000000
0000000000000000000000000000000000000000000000000000
0000000000000000000000000000000000000000000000000000
